1.450895947150119980e+02
3.584812964606538799e+02
9.053582188325315361e-02
1.021887978651706969e-01
1.004227192639945282e-01
8.899467647467566855e-02
7.347083351954247776e-02
5.822767739870571280e-02
4.581858298712648131e-02
3.713696955863734356e-02
3.202681273507893001e-02
2.977968197409517487e-02
2.951534899120034777e-02
3.037807793792928965e-02
3.166461811643282720e-02
3.288246308014327463e-02
3.370202130981823224e-02
3.409809409111578399e-02
3.410323261693103125e-02
3.380187940336797786e-02
3.330210938912515212e-02
3.268642996653166322e-02
3.200264438478372941e-02
3.126734863737194031e-02
3.048601008527042702e-02
2.965660166647407850e-02
2.878017999219479803e-02
2.786294584698789656e-02
2.691716509643738223e-02
2.595970996658260657e-02
2.500661499166853194e-02
2.407205887997343127e-02
2.316697427018654318e-02
2.229858626001103919e-02
2.147114077364797174e-02
2.068317606265288738e-02
1.993942707888192098e-02
1.923980235890083990e-02
1.858389613484478023e-02
1.797108366812538369e-02
1.740046703337783454e-02
1.687077191296450576e-02
1.638027349475157726e-02
1.592679168602941647e-02
1.550775969331039290e-02
1.512034389619544734e-02
1.475968212234865518e-02
1.440358985172766719e-02
1.407171281706612147e-02
1.375645883952066051e-02
1.346111468798003898e-02
1.318321591505455109e-02
1.292045508782781356e-02
1.266737695102785125e-02
1.242618457124350546e-02
1.219358341763773952e-02
1.196971949273236205e-02
1.174974845267332674e-02
1.153526067937738105e-02
1.132495207628191579e-02
1.111712254509598582e-02
1.091186664186705874e-02
1.070553610308354678e-02
1.049723595893091964e-02
1.028635675703715169e-02
1.005459102845603775e-02
9.825085010170216127e-03
9.597203628641555809e-03
9.369822181176294326e-03
9.133876375018433816e-03
8.901235815152423389e-03
8.671903369687908661e-03
8.446016695438464394e-03
8.223833979418821924e-03
8.005697025154724644e-03
7.790718318781168425e-03
7.560354082513033765e-03
7.330193089065554883e-03
7.106123789700812335e-03
6.891695342295619565e-03
6.686328003708771200e-03
6.463049255117383173e-03
6.249866169762167620e-03
6.049218237346262739e-03
5.852577940206224807e-03
5.668591715240740500e-03
5.491950944946019653e-03
5.326188721242602897e-03
5.171077199751235136e-03
5.026764211700849964e-03
4.881638001425741245e-03
4.748098401710281434e-03
4.628192459197254596e-03
4.520825820357015842e-03
4.424404598456606157e-03
4.338314338540224732e-03
4.261406973819178642e-03
4.191356390807083124e-03
4.117944965441751835e-03
4.051919822470628242e-03
3.985093217087735257e-03
3.922399203280504433e-03
3.860828109016320019e-03
3.802532869216913684e-03
3.747010438896090749e-03
3.693827027478134573e-03
3.638550983484048918e-03
3.581663959495895617e-03
3.522290925401784251e-03
3.455326536366023962e-03
3.391669792504201086e-03
3.311357970586392089e-03
3.235512617398185378e-03
3.164019087279921691e-03
3.096725700858052408e-03
3.033446682839720937e-03
2.973977846438856116e-03
2.918117607287089559e-03
2.865685874730755037e-03
2.816535429078983067e-03
2.762433772446092669e-03
2.710556953264230389e-03
2.662522395507313597e-03
2.617743224565292209e-03
2.575708315928230963e-03
2.536532828456217019e-03
2.495806670668599802e-03
2.457394675710297075e-03
2.417599774666942883e-03
2.379119781458152814e-03
2.337150630918938266e-03
2.298976592065980328e-03
2.264472287724132293e-03
2.226107214460492072e-03
2.191571869108846320e-03
2.149144652706035455e-03
2.110770799637179916e-03
2.073309103457540020e-03
2.038655375792278266e-03
1.990726612825063219e-03
1.943013153238449869e-03
1.899138221408498608e-03
1.855948534835693805e-03
1.815397954065772843e-03
1.779581059350527012e-03
1.746125021932005972e-03
1.711165286602002716e-03
1.675835775077070752e-03
1.643185214043111709e-03
1.606943080748783961e-03
1.570983847441794878e-03
1.525248362853148451e-03
1.483795942760410529e-03
1.444603440792758230e-03
1.409154326935895592e-03
1.376125735710563179e-03
1.346730093946205825e-03
1.298938741368467400e-03
1.255567080448781719e-03
1.213725208695248066e-03
1.175226494190312288e-03
1.142020521023045555e-03
1.113995409135853237e-03
1.090782233908581950e-03
1.068015909463897488e-03
1.047717282714590546e-03
1.027236238616293772e-03
1.007436071637189028e-03
9.912425388823857975e-04
9.785691687352426719e-04
9.672173433011038322e-04
9.590955095034367061e-04
9.541984297552054493e-04
9.522880614661594469e-04
9.531467357762267141e-04
9.565841678531904549e-04
9.612200956174638596e-04
9.650138347243391538e-04
9.706271463240693457e-04
9.779495927471678479e-04
9.791706962454852208e-04
9.806066414492678029e-04
9.828038893551084131e-04
9.864119868605795548e-04
9.787121492943568965e-04
9.652462652570898468e-04
9.544943099175451449e-04
9.426017098390746148e-04
9.331025820591303845e-04
9.261139881011319500e-04
9.219116279753368547e-04
9.200775557758484593e-04
9.204216562297473430e-04
9.206067052348721564e-04
9.227404355236554613e-04
9.266210684000697646e-04
9.214786632478607015e-04
9.181248533384414471e-04
9.164987363693787416e-04
9.082598842485736877e-04
8.992814676251107645e-04
8.920380989445521498e-04
8.857962786723770588e-04
8.815459738511165731e-04
8.791725941313053563e-04
8.781194759371902794e-04
8.783913371191377946e-04
8.799904457394050038e-04
8.827839074834195133e-04
8.867053880337498820e-04
8.777996533141526302e-04
8.715392665302459582e-04
8.677790609625778140e-04
8.513434194680987756e-04
8.366757368036424527e-04
8.240737304850907470e-04
8.115682492130269843e-04
8.012191363495237270e-04
7.897597225230699233e-04
7.764544013045016633e-04
7.664674631367479792e-04
7.596687474777731640e-04
7.496366944838595567e-04
7.354287568745249614e-04
7.251571280489940794e-04
7.186597674312861271e-04
7.132236544954855028e-04
7.094424704786508450e-04
7.073123570656527411e-04
7.073963191595061166e-04
6.996089540391896636e-04
6.900862460310097125e-04
6.837429062740948190e-04
6.804717902306574783e-04
6.787992360205271280e-04
6.664957542888225043e-04
6.562392452936324956e-04
6.478832974288337631e-04
6.412764744526245177e-04
6.273764393611210716e-04
6.147978295743616135e-04
6.034835187727469099e-04
5.861062512993209543e-04
5.704146443476465185e-04
5.563964402719264639e-04
5.440256993512560067e-04
5.332546082029490913e-04
5.240124880554275846e-04
5.162111918329567815e-04
5.097544600489140694e-04
5.032972377502002671e-04
4.962663839655368642e-04
4.904038565664980021e-04
4.856077729313544328e-04
4.817735618965246535e-04
4.782798331335898602e-04
4.734930943267879320e-04
4.698607116168948094e-04
4.674136450144067054e-04
4.650249359522055752e-04
4.644277152222208620e-04
4.652700539650913431e-04
4.671095796728433661e-04
4.647239335020623280e-04
4.634542446840754352e-04
4.632271468210048728e-04
4.618741498432503054e-04
4.559322489665216453e-04
4.509560210807083292e-04
4.453288693243415597e-04
4.378025257441346902e-04
4.319329751822318926e-04
4.277386507055153391e-04
4.230524139524497254e-04
4.196556926605173282e-04
4.188630726277509314e-04
4.178865743660718649e-04
4.182113017274526859e-04
4.202028602795279525e-04
4.223842332360870601e-04
4.232129071540301300e-04
4.248764689576234690e-04
4.273045065203204111e-04
4.293451174733885775e-04
4.213198368636578216e-04
4.147249709109346533e-04
4.089643924010119623e-04
4.042661307959437051e-04
4.007643149541313113e-04
3.981875825457973413e-04
3.964732030039094151e-04
3.945129810110069865e-04
3.937350457811867135e-04
3.938758644201048511e-04
3.903102601737037025e-04
3.876367258952166705e-04
3.858407374829514761e-04
3.842597569049226581e-04
3.839898234942281567e-04
3.845082204194538874e-04
3.857923382129988215e-04
3.877853763921967358e-04
3.904555400184530787e-04
3.906392450053527824e-04
3.915994708705475931e-04
3.933158565120622140e-04
3.957716636749508817e-04
3.989511529663099568e-04
4.028370765493617580e-04
4.010020005564485712e-04
3.952780898105367666e-04
3.871482348263767959e-04
3.788406971597002202e-04
3.665783131860313616e-04
3.568522613801807962e-04
3.489060993850104310e-04
3.416856937287366660e-04
3.368202169998697239e-04
3.342518703528301531e-04
3.318939665567060258e-04
3.311122086858172674e-04
3.318325933726006785e-04
3.305738142171495077e-04
3.304646057247885636e-04
3.281728013950827830e-04
3.263651756074708492e-04
3.237616790339679354e-04
3.213054181698611254e-04
3.193935993104790204e-04
3.180698798861985492e-04
3.173839975711829063e-04
3.144031352080417486e-04
3.116480122364206798e-04
3.097857124181309200e-04
3.087683391942836180e-04
3.082021563642995884e-04
2.996458125823618797e-04
2.924231215267721409e-04
2.840761334813198783e-04
2.775092520908991017e-04
2.726322521815872728e-04
2.612679193841320620e-04
2.520966536097858082e-04
2.442224520330994763e-04
2.375072924501602542e-04
2.322142030013315747e-04
2.282738231525920699e-04
2.256183541524465390e-04
2.241813851324440574e-04
2.225035498393694361e-04
2.144067202688934039e-04
2.083397666386718283e-04
2.036297913418560687e-04
2.009583026705818716e-04
1.998895604044332230e-04
1.983898336428810047e-04
1.987596654603570245e-04
1.926994702219662426e-04
1.878985830631901052e-04
1.845386167167896300e-04
1.825365572651584047e-04
1.724742839699938571e-04
1.638601891494215960e-04
1.566662659829672804e-04
1.507628220734019773e-04
1.445300166087336486e-04
1.373371853492653309e-04
1.315029903639978440e-04
1.222937404213014897e-04
1.143092469925984178e-04
1.075609157900290493e-04
1.007564435973184330e-04
9.465891594816486308e-05
8.926089153405656349e-05
8.455437596079200268e-05
8.053461021870215910e-05
7.720179707864394136e-05
7.456065542536703336e-05
7.261819274953898765e-05
7.138043610468879010e-05
7.084900288814120880e-05
7.101831976847678340e-05
7.164202907577438381e-05
7.213160616087060690e-05
6.845185864380411481e-05
6.475109028077827278e-05
6.183171027033211717e-05
5.930925419948510785e-05
5.718563201264558290e-05
5.544728024437190432e-05
5.408795384516431730e-05
5.310183977033482579e-05
5.248249234726125767e-05
5.222196961638323056e-05
5.231033553828616707e-05
5.273559362667979046e-05
5.348401623077492131e-05
5.454075287558867086e-05
5.589055620551501731e-05
5.751846357611056402e-05
5.569499976164518060e-05
5.468686909825351967e-05
5.080233072232394950e-05
4.813166295001850085e-05
4.665828323550223083e-05
4.636225101581410604e-05
4.722021239758594075e-05
4.920548741640269066e-05
5.155462150004427424e-05
5.546646563798338547e-05
5.783025015014157466e-05
6.077396490272684692e-05
6.427695888030141968e-05
6.574134109109707792e-05
6.746917738604803032e-05
6.945394078297490695e-05
7.168913774624175144e-05
7.416836275985711825e-05
7.688533252004079225e-05
7.497024153418355900e-05
7.354239376120622594e-05
7.258364895402532994e-05
7.207424287008680909e-05
7.199301132702347989e-05
7.231753730967601930e-05
7.302423026899650853e-05
7.408836141918945695e-05
7.548408637009857076e-05
7.718448606914012251e-05
7.916164983641656681e-05
7.969858890435538366e-05
8.060614284291195799e-05
8.218758812531834783e-05
8.424378034488904786e-05
8.672390206392873802e-05
8.855335691979004627e-05
9.047837933636753067e-05
9.247340787704585259e-05
9.451359377366076806e-05
9.305406968811663984e-05
9.009368895806853955e-05
8.778958852832852470e-05
8.642943146888046259e-05
8.588903256670279702e-05
8.500676299529269855e-05
8.440448024121792751e-05
8.409584008716409977e-05
8.409275737567230345e-05
8.440533657031105258e-05
8.504182045160265388e-05
8.600855386928980850e-05
8.567808668843274710e-05
8.404125212938497375e-05
8.245312060518603992e-05
8.090657004951941648e-05
7.939492160343753228e-05
7.791209502764116042e-05
7.645272734293377182e-05
7.483804791601439497e-05
7.316297868480229607e-05
7.165600962593272069e-05
7.015401050406412328e-05
6.865663925152958730e-05
6.716401479747767869e-05
6.567657758100219013e-05
6.419499610983325137e-05
6.272012590360611295e-05
6.125301426904677775e-05
5.979493472079774880e-05
5.834743020129944514e-05
5.691234497051793779e-05
5.549183029257921863e-05
5.408831710094906309e-05
5.270445752835271051e-05
5.134304451115027186e-05
5.000692314383924569e-05
4.869890840195114094e-05
4.742172146808381461e-05
4.617795209479455326e-05
4.497004855357149397e-05
4.380033116367743431e-05
4.267102133640919369e-05
4.028662633140399124e-05
3.865971063931629686e-05
3.775578479719907652e-05
3.670330023033929848e-05
3.571732405436349277e-05
3.479737595045050478e-05
3.394287016129616884e-05
3.315315044253708927e-05
3.242752615120105816e-05
3.176530410796575007e-05
3.116581191335691698e-05
3.062841021311298848e-05
3.015249352039369915e-05
2.973748113106874916e-05
2.938280103189202581e-05
2.908787028952634194e-05
2.885207520691522367e-05
2.867475370245313750e-05
2.855518118336653808e-05
2.849255996555895884e-05
2.848601132063798783e-05
2.853456869690167535e-05
2.853786287691955208e-05
2.861071648213388182e-05
2.877633010725680020e-05
2.898523471181549890e-05
2.923511249539602851e-05
2.952347142800904845e-05
2.984762628324184067e-05
3.020468728872984540e-05
3.059155884374922964e-05
3.100494924276240666e-05
3.144139053553542167e-05
3.189726624332395367e-05
3.236884387959714768e-05
3.285230916671890832e-05
3.334379940464180273e-05
3.383943441839205266e-05
3.433534461120738403e-05
3.482769661124651451e-05
3.531271762016781487e-05
3.578671975261251027e-05
3.624612541071974399e-05
3.668749417571632855e-05
3.710755098811843462e-05
3.750321471215657269e-05
3.787162569388318346e-05
3.821017072259695662e-05
3.851650391470254949e-05
3.878856241097819658e-05
3.902457631424936579e-05
3.922307287291286395e-05
3.938287542005983069e-05
3.950309792218070380e-05
3.958313613448429755e-05
3.839014723133543031e-05
3.788326640239232299e-05
3.782670431135585966e-05
3.764589463967082001e-05
3.742768302769431917e-05
3.717344550065398398e-05
3.688471994024004761e-05
3.656317095952558419e-05
3.621056102591798358e-05
3.582872876059988381e-05
3.541957375435065127e-05
3.498504606251230930e-05
3.452713797672367769e-05
3.404787575748732239e-05
3.350876221195864767e-05
3.295494502351668559e-05
3.239888357800931257e-05
3.182640371120364401e-05
3.123965209762777790e-05
3.064075480479914651e-05
3.003181031244650696e-05
2.941488569135631550e-05
2.879201553238430289e-05
2.816520285933965642e-05
2.753642107053793273e-05
2.690761595249982561e-05
2.628070697264230264e-05
2.565758733114995754e-05
2.504012256484190616e-05
2.443014777797389739e-05
2.382946377346498642e-05
2.323983244561941030e-05
2.266297177326794500e-05
2.210055064581563196e-05
2.155418360555833273e-05
2.102542544334586597e-05
2.051576548054707177e-05
2.002662133319600175e-05
1.955933199033495947e-05
1.911515013688297671e-05
1.869523378697111874e-05
1.830063743592842023e-05
1.793230305825787844e-05
1.759105135249635003e-05
1.727757365153095477e-05
1.699242488003091392e-05
1.673601786151551339e-05
1.650861917551115770e-05
1.631034666060379536e-05
1.614116857037815601e-05
1.600090432750785608e-05
1.588922679060077785e-05
1.580566594492188975e-05
1.574961394195313442e-05
1.572033143227314161e-05
1.571695514919360746e-05
1.573850669893928384e-05
1.578390249300788865e-05
1.585196472148873065e-05
1.594143321828272135e-05
1.605097801908602988e-05
1.617921236965562246e-05
1.632470591268840232e-05
1.648599777153461317e-05
1.666160925841834553e-05
1.685005596180500027e-05
1.704985900666630382e-05
1.725955532663932336e-05
1.747770683222426698e-05
1.770290839976829364e-05
1.793379463908856562e-05
1.816904542332520490e-05
1.809021051183716389e-05
1.758743010674783787e-05
1.776298242549116487e-05
1.791545987019512351e-05
1.806705015188858447e-05
1.821734130010622762e-05
1.836592984049900535e-05
1.851239729109570076e-05
1.865630110132517687e-05
1.879717885484786976e-05
1.893456174574432722e-05
1.906799179486242258e-05
1.919703718434153931e-05
1.932130129508192177e-05
1.942133336305985970e-05
1.947384061744969409e-05
1.955451877298604508e-05
1.962498229822222850e-05
1.968491942178920116e-05
1.973401706275854905e-05
1.977196169428403972e-05
1.979844516046969370e-05
1.981317394635930505e-05
1.981587999067991666e-05
1.980633117217605029e-05
1.978434002465304542e-05
1.974976989918050056e-05
1.970253851618615433e-05
1.964261946568774964e-05
1.957004259668634462e-05
1.948489433014269622e-05
1.938731874858527150e-05
1.927751993421763683e-05
1.915576555667430984e-05
1.902239126949012351e-05
1.887780515864699869e-05
1.872249135644923269e-05
1.855701200072255454e-05
1.838200694994625189e-05
1.819819099433956009e-05
1.800634865247323536e-05
1.780732693830050595e-05
1.760202667168551908e-05
1.739139296278182468e-05
1.717640543449952032e-05
1.695806859118281215e-05
1.673740254418160805e-05
1.651543411676191712e-05
1.629318821437359907e-05
1.607167928602574328e-05
1.585190272270263769e-05
1.563482612454880123e-05
1.542138049141447177e-05
1.521245151777059143e-05
1.500887127151680113e-05
1.481141058510618314e-05
1.462077247813886275e-05
1.443758686754106724e-05
1.426240672099925646e-05
1.409570569302713449e-05
1.393787717416070035e-05
1.378923460071132068e-05
1.365001282618591898e-05
1.352037034773214254e-05
1.340039220530475827e-05
1.329009341504824569e-05
1.318942284746260605e-05
1.309826750142155578e-05
1.301645714794551609e-05
1.294376931896784392e-05
1.287993459841268679e-05
1.282464214229702966e-05
1.277754532065770428e-05
1.273826734618170932e-05
1.270640674003455672e-05
1.268154248825718251e-05
1.266323876250345515e-05
1.265104911275194243e-05
1.264452008125437344e-05
1.264319422919627834e-05
1.264661260398883669e-05
1.265431670162445686e-05
1.266584999290318531e-05
1.268075908570278188e-05
1.269859459033634738e-05
1.271891174553078646e-05
1.274127085267552066e-05
1.276523755893169925e-05
1.279038302732813794e-05
1.281628403421757048e-05
1.284252303998417235e-05
1.286868828539799695e-05
1.289437397076665881e-05
1.291918057588333197e-05
1.294271537412151858e-05
1.296459318388209998e-05
1.298443738554078831e-05
1.300188121410227649e-05
1.301656931880691991e-05
1.302815956348443763e-05
1.303632502691315484e-05
1.304075615194324192e-05
1.304116298610812964e-05
1.303727745405422562e-05
1.302885560264765535e-05
1.301567976196317082e-05
1.299756056825099024e-05
1.297433879794626417e-05
1.294588696452910140e-05
1.291211063251575162e-05
1.287294940587362850e-05
1.282837755207823764e-05
1.277840422858283067e-05
1.272307328591735507e-05
1.266246263108096276e-05
1.259668314602713945e-05
1.252587716821076210e-05
1.245021655260676500e-05
1.236990034658280877e-05
1.228515211963532064e-05
1.219621699889582146e-05
1.210335846807071680e-05
1.200685499210655630e-05
1.190699653257983662e-05
1.180408101967553425e-05
1.169841084613901277e-05
1.103545951104823411e-05
1.063870357538066025e-05
1.047723267649661688e-05
1.031341854165366425e-05
1.014781286129189901e-05
9.980960940492831723e-06
9.813394255871284294e-06
9.645625464994680602e-06
9.478146079860096641e-06
9.311426473160193528e-06
9.145917483352957746e-06
8.982052692137984065e-06
8.820250481092981675e-06
8.660915197407678990e-06
8.504437098273327314e-06
8.351191109761191682e-06
8.201534744056995991e-06
8.055805706897272342e-06
7.914319767647100138e-06
7.777369365467016703e-06
7.645223225457450258e-06
7.518127014053920440e-06
7.396304833320680617e-06
7.279961188189994568e-06
7.169282989195006607e-06
7.064441180762728135e-06
6.965591695647977564e-06
6.872875595921566308e-06
6.786418430938742143e-06
6.706328985104650990e-06
6.632697676795319549e-06
6.565594892171984086e-06
6.505069498504681587e-06
6.451147697627375774e-06
6.403832276215352384e-06
6.363102211735181170e-06
6.328912522387366783e-06
6.301194218990703188e-06
6.279854228434601791e-06
6.264775204442561141e-06
6.255815207598292505e-06
6.252807305160835684e-06
6.255559196317005133e-06
6.263852998805642086e-06
6.277445333406974176e-06
6.296067816221061930e-06
6.319428022532212202e-06
6.347210931912314550e-06
6.379080813317059898e-06
6.414683471157051386e-06
6.453648753892683429e-06
6.495593226847218343e-06
6.540122927000355878e-06
6.586836143277500392e-06
6.635326193715390752e-06
6.685184193729410254e-06
6.736001822776806727e-06
6.787374098033198899e-06
6.838902154197328871e-06
6.890196011893325567e-06
6.940877298090944581e-06
6.990581865452592788e-06
7.038962247688469040e-06
7.085689886817425472e-06
7.130457076135641633e-06
7.172978577542727340e-06
7.212992891072009615e-06
7.250263174054708474e-06
7.284577824347214601e-06
7.315750754094302919e-06
7.343621386629572222e-06
7.368054409714709378e-06
7.388939314902877606e-06
7.406189747458086108e-06
7.419742685998878874e-06
7.429557467796486217e-06
7.435614675134108596e-06
7.437914900578793517e-06
7.436477413535554357e-06
7.431338755917024531e-06
7.422551299478707800e-06
7.410181800335845020e-06
7.394309986189575388e-06
7.375027209009544822e-06
7.352435190211592292e-06
7.326644878049699479e-06
7.297775430364931285e-06
7.265953593776985103e-06
7.231313898355038867e-06
7.193997578240751718e-06
7.154151783178219276e-06
7.111928887393176505e-06
7.067485886817328703e-06
7.020983875643674149e-06
6.972587592790827066e-06
6.922465027943557944e-06
6.870787075223742219e-06
6.817727220604655341e-06
6.763461247334653664e-06
6.708166942328391430e-06
6.652023786013697899e-06
6.595212608932995752e-06
6.537915200350507938e-06
6.480313857065232759e-06
6.422590864478720183e-06
6.364927905916569842e-06
6.307505400325943640e-06
6.250501772006117049e-06
6.194092659125492447e-06
6.138450070079225646e-06
6.083741498466745073e-06
6.030129008658747966e-06
5.977768304805684161e-06
5.926807796765271037e-06
5.877387677006737220e-06
5.829639023009822880e-06
5.783682939968794191e-06
5.739629758814693038e-06
5.697578304207775016e-06
5.657615246520239464e-06
5.619814550574612344e-06
5.584237032125491652e-06
5.550930030861172851e-06
5.519927206127049952e-06
5.491248458757033432e-06
5.464899979611016536e-06
5.440874422663855761e-06
5.419151198051265751e-06
5.399696878236114724e-06
5.382465708670544570e-06
5.367400212755570311e-06
5.354431879767635523e-06
5.343481923450759094e-06
5.334462098358229574e-06
5.327275560630165490e-06
5.321817759733284219e-06
5.317977347816587026e-06
5.315637093780160716e-06
5.314674789855911591e-06
5.314964139553189145e-06
5.316375617118833216e-06
5.318777290276086367e-06
5.322035599719332671e-06
5.326016090732215137e-06
5.330584094203285736e-06
5.335605356132753515e-06
5.340946616480168245e-06
5.346476139737825332e-06
5.352064200933040373e-06
5.357583531868510142e-06
5.362909733230664417e-06
5.367921658755975522e-06
5.372501777967695973e-06
5.376536524047567714e-06
5.379916633206205543e-06
5.382537481501072970e-06
5.384299424331664943e-06
5.385108143017629202e-06
5.384875001712281175e-06
5.354454834656173977e-06
5.302337371355292387e-06
5.287835847803431632e-06
5.270937948680331592e-06
5.251574962490680529e-06
5.229691195758277890e-06
5.205244118899836026e-06
5.178204617147648800e-06
5.148557382571025481e-06
5.116301435952563782e-06
5.081450726274371498e-06
5.044034728958210351e-06
5.004098956077185137e-06
4.961705302089682402e-06
4.916932172890336356e-06
4.869874377387028273e-06
4.820642791778652784e-06
4.769363830724043660e-06
4.716178772520680809e-06
4.661242986005572862e-06
4.604725096841144075e-06
4.546806114048604630e-06
4.487678518895724251e-06
4.427545302402131190e-06
4.366618928228341332e-06
4.305120196308585613e-06
4.243276988970560476e-06
4.181322893419974210e-06
4.119495709238558049e-06
4.058035863701255309e-06
3.997184768198113642e-06
3.937183154349780410e-06
3.878269427728482161e-06
3.820678071579986621e-06
3.764638124150236266e-06
3.710371743376861231e-06
3.658092864067094878e-06
3.608005946667424889e-06
3.560304814136650473e-06
3.515171574241956485e-06
3.472775627712730174e-06
3.433272767044579149e-06
3.396804374626378126e-06
3.363496731331216315e-06
3.333460446839904129e-06
3.306790020763379179e-06
3.283563539413552166e-06
3.263842507771647991e-06
3.247671810731450926e-06
3.235079793078503038e-06
3.226078444531506041e-06
3.220663674912913980e-06
3.218815664930564015e-06
3.220499279916029231e-06
3.225664536328705942e-06
3.234247113407225915e-06
3.246168904466777627e-06
3.261338603551333290e-06
3.279652323469096242e-06
3.300994240812307239e-06
3.325237262695608242e-06
3.352243709071180322e-06
3.381866003932899000e-06
3.413947368864928135e-06
3.448322513165483464e-06
3.484818316292605439e-06
3.523254500225834566e-06
3.563444291404860460e-06
3.605195073708799325e-06
3.648309035395143970e-06
3.692583813699405755e-06
3.737813141028896260e-06
3.783787496365335949e-06
3.830294764769441816e-06
3.877120907024637899e-06
3.924050640587653600e-06
3.970868132309025976e-06
4.017357702871426594e-06
4.063304542601311529e-06
4.108495438187717216e-06
4.152719509648334692e-06
4.195768956755982161e-06
4.237439813743611682e-06
4.277532710549631618e-06
4.315853638173919798e-06
4.352214714829984960e-06
4.386434948686497526e-06
4.418340992207939973e-06
4.447767882427626452e-06
4.474559761060296404e-06
4.498570568189762879e-06
4.519664703344832698e-06
4.537717648031018607e-06
4.552616544239250513e-06
4.564260723937586280e-06
4.572562185079835822e-06
4.577446010251916316e-06
4.578850724529686848e-06
4.576728589674265329e-06
4.571045832254250671e-06
4.561782803865268375e-06
4.548934072160831768e-06
4.532508442039078010e-06
4.512528907040020117e-06
4.489032531686582970e-06
4.462070266194203847e-06
4.431706695666153825e-06
4.398019726435301934e-06
4.361100212718678633e-06
4.321051527092799280e-06
4.277989078545667874e-06
4.232039781996916786e-06
4.183341483168121703e-06
4.132042342700847832e-06
4.078300183274729961e-06
4.022281803367968653e-06
3.964162261162296057e-06
3.904124131912322246e-06
3.842356741935756618e-06
3.779055382216727451e-06
3.714420504380168516e-06
3.648656901659019311e-06
3.581972877223089784e-06
3.514579402097600024e-06
3.446689264702500736e-06
3.378516213956619292e-06
3.310274097762419273e-06
3.242175998714848824e-06
3.174433368900980018e-06
3.107255165770899696e-06
3.040846991217333896e-06
2.975410236259542113e-06
2.911141233947791678e-06
2.848230423409304142e-06
2.786861528263273662e-06
2.727210752938219381e-06
2.669446000685575140e-06
2.613726120008004408e-06
2.560200237184152985e-06
2.509007087483487690e-06
2.460274286787231657e-06
2.414117676474122941e-06
2.370640726528066112e-06
2.329934002082055699e-06
2.292074698353252925e-06
2.257126248640649436e-06
2.225138009672497794e-06
2.196145028102566688e-06
2.170167891402014207e-06
2.147212665771108779e-06
2.127270922986981133e-06
2.110319857339864212e-06
2.096322493050322979e-06
2.085227981676711271e-06
2.076971988210157564e-06
2.071477163659232875e-06
2.068653701094235661e-06
2.068399971265665074e-06
2.070603233088514414e-06
2.075140413568279276e-06
2.081878950964219963e-06
2.090677694444346209e-06
2.101387852849931377e-06
2.113853984787712840e-06
2.127915021883114172e-06
2.143405316782369079e-06
2.160155707348060270e-06
2.177994588441048365e-06
2.196327764112462221e-06
2.215576773857993909e-06
2.235357189908126728e-06
2.255448902803659967e-06
2.275668688931772241e-06
2.295835770278464680e-06
2.315772740054685006e-06
2.335306450238533588e-06
2.354268856899903212e-06
2.372497819641469882e-06
2.389837851931335758e-06
2.406140819532528427e-06
2.421266584632943171e-06
2.435083593789893244e-06
2.447469408278864695e-06
2.458311176035365451e-06
2.467506044929954926e-06
2.474961517667273999e-06
2.480595749116148707e-06
2.484337787268025831e-06
2.486127759352229557e-06
2.485917004816143402e-06
2.483668156996816469e-06
2.479355175322458728e-06
2.472963329864135961e-06
2.464489139974651551e-06
2.453940268705422044e-06
2.441335374635874009e-06
2.426703922661000402e-06
2.410085955306763988e-06
2.391531826048891941e-06
2.371101896130779920e-06
2.348866196292307530e-06
2.324904054803829246e-06
2.299303693123652733e-06
2.272161790434450101e-06
2.243583018310982237e-06
2.213679546703179014e-06
2.182570522460523425e-06
2.150381521676668338e-06
2.117243977229817825e-06
2.083294583030546090e-06
2.048674676643761142e-06
2.013529602193172948e-06
1.978008055605944554e-06
1.942261414508667025e-06
1.906443055278885473e-06
1.870707659931131122e-06
1.835210515729032730e-06
1.800106810543609929e-06
1.765550927129096561e-06
1.731695739615745707e-06
1.698691915595211042e-06
1.666687227266109168e-06
1.635825875150257738e-06
1.606247827896272169e-06
1.578088181664210187e-06
1.551476542539044908e-06
1.526536435294907909e-06
1.503384741704857513e-06
1.482131171400665282e-06
1.462877768058134661e-06
1.445718453453712250e-06
1.430738611624529783e-06
1.418014715098273961e-06
1.407613994833008436e-06
1.399594155190044956e-06
1.394003134942275928e-06
1.390878914996284020e-06
1.390249373195087252e-06
1.392132186256650825e-06
1.396534778615170853e-06
1.403454317633590148e-06
1.412877754417777232e-06
1.424781909192263582e-06
1.439133600004899271e-06
1.455889813308381514e-06
1.474997914820845352e-06
1.496395898916467760e-06
1.520012674684287718e-06
1.545768386720877950e-06
1.573574768632663744e-06
1.603335527206311374e-06
1.634946755167249296e-06
1.668297370435458333e-06
1.703269579789213353e-06
1.739739364859859470e-06
1.777576988382433992e-06
1.816647518648196093e-06
1.856811370124882417e-06
1.897924858211098435e-06
1.939840766117834470e-06
1.982408921849192383e-06
2.025476783293363171e-06
2.068890029381075403e-06
2.112493155282325341e-06
2.156130069588838363e-06
2.199644691387352076e-06
2.242881545108479109e-06
2.285686351000185632e-06
2.327906609019612544e-06
2.369392173930249710e-06
2.409995819345897321e-06
2.449573788429439365e-06
2.487986328964316624e-06
2.525098210504422352e-06
2.560779221322025004e-06
2.594904642905104288e-06
2.627355699823021209e-06
2.658019982841075832e-06
2.686791843242915075e-06
2.713572756486893607e-06
2.738271653400661495e-06
2.760805217330691057e-06
2.781098145821750161e-06
2.799083375604633249e-06
2.814702269910143675e-06
2.827904767345543377e-06
2.838649491811210102e-06
2.846903823232835176e-06
2.852643929104937659e-06
2.855854757132936888e-06
2.856529989516956420e-06
2.854671959689573748e-06
2.850291532544734763e-06
2.843407949482268472e-06
2.834048639733670117e-06
2.822248999729997378e-06
2.808052142368995599e-06
2.791508618237492372e-06
2.772676110983139383e-06
2.751619109077832391e-06
2.728408556348578742e-06
2.703121483661457035e-06
2.675840624175028610e-06
2.646654014549935137e-06
2.615654584506415381e-06
2.582939737014931833e-06
2.548610921364853680e-06
2.512773201234615830e-06
2.475534819777906638e-06
2.437006763619703061e-06
2.397302327507429887e-06
2.356536681251775231e-06
2.314826440398195734e-06
2.272289241975789658e-06
2.229043326506138610e-06
2.185207127326961042e-06
2.140898868164955679e-06
2.096236169774987457e-06
2.051335666374420484e-06
2.006312632505220255e-06
1.961280620893481451e-06
1.916351111816666165e-06
1.871633174462407843e-06
1.827233140722259481e-06
1.783254291865652675e-06
1.739796558533462895e-06
1.696956234514534684e-06
1.654825704776499544e-06
1.613493188268204249e-06
1.573042496033360403e-06
1.533552805197411009e-06
1.495098449468325654e-06
1.457748726763926493e-06
1.421567724657493542e-06
1.386614164312089201e-06
1.352941263619188780e-06
1.320596620213491611e-06
1.289622115064464897e-06
1.260053837280859985e-06
1.231922030739005847e-06
1.205251063088125269e-06
1.180059417595348326e-06
1.156359708230086348e-06
1.134158718261980773e-06
1.113457462553008406e-06
1.094251273573049559e-06
1.076529911060726717e-06
1.060277695086408708e-06
1.045473662131356758e-06
1.032091743646066171e-06
1.020100966392568106e-06
1.009465673728413526e-06
1.000145766822371119e-06
9.920969646726873035e-07
