-2.214502628018902297e-01
-3.271795534412160755e-01
-4.125586352811006496e-01
-5.053338634296007381e-01
-5.956317863940555624e-01
-6.749401425243581887e-01
-7.384319611061476163e-01
-7.861725928662681717e-01
-8.217649280750695118e-01
-8.499412143727359537e-01
-8.748054532264681882e-01
-8.991306137180848923e-01
-9.244243256700021005e-01
-9.512324664152560505e-01
-9.794552509298967147e-01
-1.008657753028574300e+00
-1.038264713999949906e+00
-1.067741837918971815e+00
-1.096899558392571805e+00
-1.125602743525585536e+00
-1.153819378606580681e+00
-1.181603750212960602e+00
-1.208983498086987352e+00
-1.235942779530523561e+00
-1.262420143753743673e+00
-1.288336917637594947e+00
-1.313613112677070927e+00
-1.338182237647125072e+00
-1.362005045239415235e+00
-1.385081636490288481e+00
-1.407437188813210671e+00
-1.429114055323843946e+00
-1.450163687241090349e+00
-1.470638824384616461e+00
-1.490590241851315279e+00
-1.510054665276438390e+00
-1.529074266357283163e+00
-1.547709724650154994e+00
-1.566009492685165094e+00
-1.584023494989747816e+00
-1.601802172747117448e+00
-1.619394900949878480e+00
-1.636848276430551197e+00
-1.654204713559203066e+00
-1.671501607164916470e+00
-1.688771107897568902e+00
-1.706033469436559091e+00
-1.723141745104162403e+00
-1.740155157880483250e+00
-1.757142430454108339e+00
-1.774144950488962813e+00
-1.791189078315385208e+00
-1.808281956031744020e+00
-1.825395167616130410e+00
-1.842554349142769610e+00
-1.859758837839067036e+00
-1.877015593273156924e+00
-1.894310459546921566e+00
-1.911599727782593572e+00
-1.928903255267980787e+00
-1.946211177799266556e+00
-1.963506818041250490e+00
-1.980726646829871651e+00
-1.997870909806118256e+00
-2.014824503945270351e+00
-2.031585894786772428e+00
-2.047780753333567016e+00
-2.063797236459956608e+00
-2.079576611870106451e+00
-2.095017123698628136e+00
-2.110068882940168145e+00
-2.124875220336758019e+00
-2.139429312526754501e+00
-2.153728870392831674e+00
-2.167776114833034562e+00
-2.181536813728025326e+00
-2.194630084927359448e+00
-2.207116728541482775e+00
-2.219214852842725350e+00
-2.231057253608837332e+00
-2.242718519498206220e+00
-2.253353606277414656e+00
-2.263643341291723399e+00
-2.273775562308100184e+00
-2.283528549305286148e+00
-2.293236702356232559e+00
-2.302928202247878531e+00
-2.312373728158519270e+00
-2.321807960049402375e+00
-2.331287825796524160e+00
-2.340818892902418291e+00
-2.350014849973738773e+00
-2.359485343871050578e+00
-2.369245529950949170e+00
-2.379291263286848146e+00
-2.389628105389523860e+00
-2.400263875813914538e+00
-2.411151842689839064e+00
-2.422200180426345106e+00
-2.433049774198332571e+00
-2.443877876144466388e+00
-2.454656389590602394e+00
-2.465415329780847653e+00
-2.476236225710595207e+00
-2.487148153803236283e+00
-2.498139361655152157e+00
-2.508985444617878535e+00
-2.519716020449765725e+00
-2.530060803480219445e+00
-2.539734669849196713e+00
-2.549391629121928737e+00
-2.558962990912727609e+00
-2.567184471221781727e+00
-2.575461991845628074e+00
-2.583810086058439204e+00
-2.592240360832211543e+00
-2.600762350266490053e+00
-2.609384992140118875e+00
-2.618118201303935244e+00
-2.626974070073311740e+00
-2.635443293383958885e+00
-2.643700870351538779e+00
-2.652134752448743527e+00
-2.660713811381142158e+00
-2.669384665231614662e+00
-2.678213437152955567e+00
-2.687131064566435690e+00
-2.695771474240456378e+00
-2.704438532280878604e+00
-2.712953105142795529e+00
-2.721192974980950474e+00
-2.729372317568695472e+00
-2.737827356807178258e+00
-2.746479625819497450e+00
-2.754686989776403916e+00
-2.762208369317435963e+00
-2.769605681385657991e+00
-2.777192787917698080e+00
-2.784658763786207469e+00
-2.791861494349223705e+00
-2.797182910600277683e+00
-2.802735881818257280e+00
-2.808338757533223262e+00
-2.814118599952376343e+00
-2.820149322114147594e+00
-2.826245838727886373e+00
-2.831946605795842675e+00
-2.837342510349122549e+00
-2.842886580234100347e+00
-2.848263248441575524e+00
-2.853236014315743141e+00
-2.857317261962981192e+00
-2.860588679212703767e+00
-2.864038938373649312e+00
-2.867755805445666439e+00
-2.871543886622645037e+00
-2.875693182814551552e+00
-2.878835214697491374e+00
-2.880230607047740587e+00
-2.881691702574206815e+00
-2.883496241510656866e+00
-2.885674262912125254e+00
-2.888472655675057954e+00
-2.891879633992775034e+00
-2.895774421789420572e+00
-2.899327862613067630e+00
-2.903152590527391386e+00
-2.906905549199400252e+00
-2.910743624486498593e+00
-2.915096701972941684e+00
-2.919774517428115779e+00
-2.924851471210514919e+00
-2.930470268713031512e+00
-2.936648602804300623e+00
-2.943391780160365734e+00
-2.950707013459609396e+00
-2.958470235139466720e+00
-2.966131840193687363e+00
-2.974190466816397205e+00
-2.982754303663926798e+00
-2.991568182307593027e+00
-2.999404998709060521e+00
-3.007296799197669568e+00
-3.015593475352146946e+00
-3.023655738740396615e+00
-3.028276933893049971e+00
-3.033440445572139765e+00
-3.038503985944999819e+00
-3.043937870612120289e+00
-3.049861946652262290e+00
-3.056456908596095090e+00
-3.063657801561976424e+00
-3.071464720303114682e+00
-3.079718322625221827e+00
-3.088224145055977310e+00
-3.097348819981438517e+00
-3.106227759434216917e+00
-3.113569339658321056e+00
-3.121459656091834400e+00
-3.128527283959484429e+00
-3.134826454183657685e+00
-3.141152646353269517e+00
-3.147746010634679958e+00
-3.154954836904195759e+00
-3.162792686519987129e+00
-3.171156329690523634e+00
-3.180006139807138865e+00
-3.189427763488672074e+00
-3.199436231875695924e+00
-3.210058561784597586e+00
-3.219269545349564332e+00
-3.226699895050982203e+00
-3.235076958923061685e+00
-3.242733029426240421e+00
-3.246773623877209136e+00
-3.251447913701496883e+00
-3.256391986081425660e+00
-3.261742160181810402e+00
-3.267688803200666570e+00
-3.272893660228096024e+00
-3.278308470280897335e+00
-3.284967772933008234e+00
-3.291355532053325650e+00
-3.297026379178609190e+00
-3.302099269800094383e+00
-3.308734902580753090e+00
-3.315815883756482840e+00
-3.323369701951846888e+00
-3.331859784335712060e+00
-3.341369511366083511e+00
-3.348559437251181325e+00
-3.354795655371401786e+00
-3.361435042942225504e+00
-3.369608822334152265e+00
-3.378593780659173262e+00
-3.385558926505503052e+00
-3.389744265667791634e+00
-3.394806684413119946e+00
-3.400724843363546857e+00
-3.405759447876599566e+00
-3.407983624331686112e+00
-3.410713435703281782e+00
-3.413731697343803440e+00
-3.413600639890255639e+00
-3.414156685953272152e+00
-3.415411562791316413e+00
-3.417368139094099089e+00
-3.420019515220554585e+00
-3.423351246755159227e+00
-3.427345659524565047e+00
-3.431891743380481419e+00
-3.435375378530493240e+00
-3.439450030028884608e+00
-3.444098207575222670e+00
-3.449311031313787801e+00
-3.455064764529678811e+00
-3.459602422900647234e+00
-3.464814435141922999e+00
-3.470760147474102997e+00
-3.477353847372280704e+00
-3.484747541788361769e+00
-3.493060539668718878e+00
-3.502133142225750895e+00
-3.510728237243174732e+00
-3.517901565543936293e+00
-3.525901834809497704e+00
-3.534216159148052316e+00
-3.539848498381502395e+00
-3.544372614378981545e+00
-3.549484197074023406e+00
-3.552147822033873137e+00
-3.555891227613841910e+00
-3.560852624303551650e+00
-3.567020894789572072e+00
-3.573035232094089242e+00
-3.580984179813825996e+00
-3.588974008058270826e+00
-3.597871470999342680e+00
-3.608384195772269099e+00
-3.619928755947392496e+00
-3.630786493433077133e+00
-3.641447931996142806e+00
-3.653121832903167387e+00
-3.665785594879809928e+00
-3.668070978065857801e+00
-3.671140800243406499e+00
-3.675188401049151121e+00
-3.679930748809036256e+00
-3.685798867333665463e+00
-3.692565638716559739e+00
-3.700275512588151017e+00
-3.708679910889211673e+00
-3.717827157922833692e+00
-3.727957901417594755e+00
-3.734137105323652950e+00
-3.741149768429032463e+00
-3.749241496869402557e+00
-3.758108716380183179e+00
-3.768496207439126611e+00
-3.779916268059746898e+00
-3.792646783353649464e+00
-3.806733216754552895e+00
-3.822280425328483222e+00
-3.836713473685325226e+00
-3.850799585355162424e+00
-3.866549400824999427e+00
-3.884128565930970112e+00
-3.903739678148369752e+00
-3.925628254111492854e+00
-3.949737316495283590e+00
-3.955304106466855263e+00
-3.956352788209744453e+00
-3.958870216342786907e+00
-3.955464936016884536e+00
-3.952724637603947322e+00
-3.954139943927403422e+00
-3.955492840663063614e+00
-3.961183632834403667e+00
-3.971357269919630006e+00
-3.982338446138554477e+00
-3.995859449239016925e+00
-4.013070905728537419e+00
-4.026641363052876343e+00
-4.042623476237289459e+00
-4.059716538038754763e+00
-4.071637134439905381e+00
-4.084142709585508513e+00
-4.094765198900731207e+00
-4.106988922074565451e+00
-4.121092261044557503e+00
-4.137423456405493916e+00
-4.152947929541142891e+00
-4.163734734656619807e+00
-4.177446956550622481e+00
-4.194259985903921795e+00
-4.213234394810164929e+00
-4.221379595359469938e+00
-4.217194339748320253e+00
-4.216386258013712585e+00
-4.214443939633413905e+00
-4.218037404945361502e+00
-4.211894543036207139e+00
-4.200101316054615452e+00
-4.193516791681600964e+00
-4.188444235882956335e+00
-4.187721360298964690e+00
-4.191177719619536113e+00
-4.198763446826253798e+00
-4.210543874874020709e+00
-4.226329939237736255e+00
-4.216034830471454775e+00
-4.212078770846239273e+00
-4.213680878608353275e+00
-4.221013220293890811e+00
-4.234171521575174069e+00
-4.249005704563509234e+00
-4.270306284587136680e+00
-4.279352864449098348e+00
-4.277985252148033268e+00
-4.281688886658087334e+00
-4.290755776365847929e+00
-4.277060233489317298e+00
-4.258223935844593022e+00
-4.244919893059375227e+00
-4.236531843857338941e+00
-4.227205844695906656e+00
-4.217941457279936301e+00
-4.208527389397049845e+00
-4.188195966109243606e+00
-4.170899954225667727e+00
-4.157668811603921100e+00
-4.144848294357701413e+00
-4.132788467443117675e+00
-4.122761337665362902e+00
-4.114649725824059523e+00
-4.108372848215488204e+00
-4.103886677717874853e+00
-4.101180271956796908e+00
-4.100269205548904061e+00
-4.101187698461996156e+00
-4.103981118950927431e+00
-4.108700303789421859e+00
-4.115286140102496937e+00
-4.123527051218055739e+00
-4.117037808507872043e+00
-4.111095087516955182e+00
-4.106677424295361867e+00
-4.103057677993622754e+00
-4.100427762739177417e+00
-4.098765737987153379e+00
-4.098059632381693795e+00
-4.098304522595947574e+00
-4.099499688002229192e+00
-4.101646324616591954e+00
-4.104746154290670468e+00
-4.108801070195259086e+00
-4.113813762164919119e+00
-4.119789103687437226e+00
-4.126735984621954678e+00
-4.134669257641109041e+00
-4.140997040058162604e+00
-4.141870662719263407e+00
-4.142924855625573777e+00
-4.139059442929172938e+00
-4.138663320728058537e+00
-4.141720592163325776e+00
-4.148286964632732499e+00
-4.158494025885570267e+00
-4.172390971860775011e+00
-4.190322308341425384e+00
-4.206414357066161180e+00
-4.221184891512607784e+00
-4.238722703294519611e+00
-4.254384198948303997e+00
-4.265797120521075847e+00
-4.278666739304274991e+00
-4.293104515364588813e+00
-4.309245415778764077e+00
-4.327253558833876745e+00
-4.335199437285789159e+00
-4.334851182974460038e+00
-4.336594985286676973e+00
-4.340394445733575246e+00
-4.346233018724359631e+00
-4.354113457044611835e+00
-4.364057665700293853e+00
-4.376107030467888848e+00
-4.390323364755611024e+00
-4.406790686388818656e+00
-4.425618104348613358e+00
-4.443166121783856504e+00
-4.459137058826197375e+00
-4.479084270283705926e+00
-4.503320224680987138e+00
-4.532285833203582470e+00
-4.557520993217631933e+00
-4.585077283218836897e+00
-4.615321434037983117e+00
-4.648483713552618468e+00
-4.650150618190315832e+00
-4.646081212238623692e+00
-4.642420856459813727e+00
-4.646202497100608397e+00
-4.657810341096844553e+00
-4.663590055186879191e+00
-4.671821693856212931e+00
-4.683149008942570468e+00
-4.697989308143723619e+00
-4.716866244163128385e+00
-4.740455686029016569e+00
-4.769656762626885538e+00
-4.801541341297126841e+00
-4.796011018810747650e+00
-4.790870726211209352e+00
-4.786023336949769558e+00
-4.781381046214350228e+00
-4.776866510305572966e+00
-4.772413666506473362e+00
-4.767619017147701754e+00
-4.761899302205512718e+00
-4.756051015914375846e+00
-4.750070257082817271e+00
-4.743960941136968756e+00
-4.737732489599900454e+00
-4.731397928692785193e+00
-4.724972597106838812e+00
-4.718473493781201178e+00
-4.711919149861973466e+00
-4.705329814777782005e+00
-4.698727717028384987e+00
-4.692137192011342606e+00
-4.685584544593679013e+00
-4.679097608750456772e+00
-4.672705055576003019e+00
-4.666435564706690187e+00
-4.660317002145143661e+00
-4.654375738763903314e+00
-4.648636206205643440e+00
-4.643120732984435506e+00
-4.637849647619717963e+00
-4.632841589805764215e+00
-4.628113942965477179e+00
-4.619519013023199783e+00
-4.613069832523071234e+00
-4.612815842655265897e+00
-4.608176501636918054e+00
-4.604042081118756791e+00
-4.600402207061746296e+00
-4.597247314317034039e+00
-4.594568859142193595e+00
-4.592359539412741221e+00
-4.590613484681443701e+00
-4.589326387122436124e+00
-4.588495557949098469e+00
-4.588119908801425950e+00
-4.588199870605535580e+00
-4.588737271377686611e+00
-4.589735197870172811e+00
-4.591197864021011377e+00
-4.593130503093205697e+00
-4.595539291900846202e+00
-4.598431306739045432e+00
-4.601814503614927609e+00
-4.605697711094355995e+00
-4.609965019154845578e+00
-4.614534525501989393e+00
-4.619567459268875353e+00
-4.625064534686770479e+00
-4.631025913230944369e+00
-4.637450877420830508e+00
-4.644337482530564998e+00
-4.651682225061111176e+00
-4.659479753727535645e+00
-4.667722637326230384e+00
-4.676401190787572659e+00
-4.685503349188680389e+00
-4.695014571466142428e+00
-4.704917752703078548e+00
-4.715193126138458979e+00
-4.725818142925296783e+00
-4.736767327165773978e+00
-4.748012114183461918e+00
-4.759520688962938451e+00
-4.771257847637750515e+00
-4.783184907152192800e+00
-4.795259685986886566e+00
-4.807436573763960830e+00
-4.819666699893245365e+00
-4.831898203568398387e+00
-4.844076600595349724e+00
-4.856145237497195843e+00
-4.868045821540612828e+00
-4.879719015448141128e+00
-4.891105087603959234e+00
-4.902144610905687649e+00
-4.912779204783597642e+00
-4.922952314043822497e+00
-4.927098016075507125e+00
-4.932969422656435121e+00
-4.945252206837275288e+00
-4.950700984357079726e+00
-4.955423867275417393e+00
-4.959415449595831582e+00
-4.962677905350145302e+00
-4.965220470751549264e+00
-4.967058863072545627e+00
-4.968214683101857432e+00
-4.968714819470819499e+00
-4.968590848569013119e+00
-4.967878410550862434e+00
-4.966616541697292497e+00
-4.964657830134860284e+00
-4.961946969919833528e+00
-4.958751848173870158e+00
-4.955122068335092500e+00
-4.951107421878474746e+00
-4.946757240955363066e+00
-4.942119883079095111e+00
-4.937242348052588881e+00
-4.932170015021265286e+00
-4.926946478912777039e+00
-4.921613461714346549e+00
-4.916210774559807817e+00
-4.910776310639731079e+00
-4.905346054800792110e+00
-4.899954102011327528e+00
-4.894632681991716971e+00
-4.889412190750023868e+00
-4.884321231091022675e+00
-4.879386663689101233e+00
-4.874633668586925594e+00
-4.870085814929352885e+00
-4.865765134767790379e+00
-4.861692195836373465e+00
-4.857886168031519070e+00
-4.854364879354762685e+00
-4.851144858777520774e+00
-4.848241365502416578e+00
-4.845668406032974218e+00
-4.843438742009870346e+00
-4.841563892591461915e+00
-4.840054135257575219e+00
-4.838918508415547493e+00
-4.838164818154052860e+00
-4.837799650374805971e+00
-4.837828388407863223e+00
-4.838255235353547512e+00
-4.839083240080904957e+00
-4.840314325552162344e+00
-4.841949318716785022e+00
-4.843987981539015664e+00
-4.846429043466687681e+00
-4.849270235970929654e+00
-4.852508330307459872e+00
-4.856139179452355847e+00
-4.860157765105263650e+00
-4.864558250093017122e+00
-4.869334036003833965e+00
-4.874477825273770826e+00
-4.879981686397248275e+00
-4.885837120633287789e+00
-4.892035128332739014e+00
-4.898566273004089311e+00
-4.905420741418121011e+00
-4.912588398165865122e+00
-4.920058833331425241e+00
-4.927821402146356888e+00
-4.935865255514676697e+00
-4.944179360269160384e+00
-4.952525317570033003e+00
-4.953648221054848477e+00
-4.967304201469307401e+00
-4.974507903701724132e+00
-4.981836284328334585e+00
-4.989284508114135264e+00
-4.996847467368878526e+00
-5.004519263953120856e+00
-5.012292936350018380e+00
-5.020160442369419940e+00
-5.028112847680215047e+00
-5.036140626821105748e+00
-5.044233964794061720e+00
-5.052382956186791674e+00
-5.060480227646579010e+00
-5.068062341212581146e+00
-5.075533747586701061e+00
-5.082875432176408914e+00
-5.090067483378977187e+00
-5.097088998837433493e+00
-5.103918140178447693e+00
-5.110532337661868318e+00
-5.116908620791229545e+00
-5.123024033177761893e+00
-5.128856082973922703e+00
-5.134383183833418407e+00
-5.139585054370514605e+00
-5.144443061473665146e+00
-5.148940510376645463e+00
-5.153062897604493209e+00
-5.156798148317713881e+00
-5.160136857253836418e+00
-5.163072543124147984e+00
-5.165601912626981651e+00
-5.167725117044395411e+00
-5.169445974363134688e+00
-5.170772125457971491e+00
-5.171715096311505278e+00
-5.172290246581612294e+00
-5.172516598145218580e+00
-5.172416550920680756e+00
-5.172015505164996974e+00
-5.171341417416167374e+00
-5.170424319965197135e+00
-5.169295831622357618e+00
-5.167988681703800324e+00
-5.166536261684330000e+00
-5.164972211165856031e+00
-5.163330039034423002e+00
-5.161642776905355667e+00
-5.159942661344725678e+00
-5.158260842203952201e+00
-5.156627117024771501e+00
-5.155069694072857089e+00
-5.153614988288607535e+00
-5.152287455307214437e+00
-5.151109467728495872e+00
-5.150101236011077610e+00
-5.149280773470806594e+00
-5.148663902032786233e+00
-5.148264293076816323e+00
-5.148093535905972296e+00
-5.148161226218890718e+00
-5.148475067106991432e+00
-5.149040976855612683e+00
-5.149863199348738263e+00
-5.150944414820371797e+00
-5.152285850362385844e+00
-5.153887390290599946e+00
-5.155747687094748066e+00
-5.157864273230835295e+00
-5.160233673371148022e+00
-5.162851515727941099e+00
-5.165712640307214443e+00
-5.168811201272278666e+00
-5.172140760397176962e+00
-5.175694368791369016e+00
-5.179464634946950419e+00
-5.183443777565313937e+00
-5.187623663046343481e+00
-5.191995828192397688e+00
-5.196551489305583971e+00
-5.201281539418144639e+00
-5.206176535431499275e+00
-5.211226676853299544e+00
-5.216421777660535497e+00
-5.221751232583464741e+00
-5.227203978965597742e+00
-5.232768455433367549e+00
-5.238432558881803480e+00
-5.244183601597141475e+00
-5.250008270903967045e+00
-5.255892594135993079e+00
-5.261821912183667571e+00
-5.267780864933441443e+00
-5.273753392142621621e+00
-5.279722752698987165e+00
-5.285671564923068111e+00
-5.291581869897470369e+00
-5.297435218890704789e+00
-5.303212785234378224e+00
-5.308895500077771779e+00
-5.314464210723709670e+00
-5.319899859285290411e+00
-5.325183678998890002e+00
-5.330297404474792167e+00
-5.335223491669032647e+00
-5.339945342644774051e+00
-5.344447529694398291e+00
-5.348716012596514524e+00
-5.352738342955453810e+00
-5.356503848935201262e+00
-5.360003794290617130e+00
-5.363231505958919065e+00
-5.366182465280216363e+00
-5.368854359339847448e+00
-5.371247089909254591e+00
-5.373362739553726897e+00
-5.375205495512925147e+00
-5.376781533958712167e+00
-5.378098868480065242e+00
-5.379167167666784266e+00
-5.379997547658004642e+00
-5.380602346275760617e+00
-5.380994885246300541e+00
-5.381189227236368389e+00
-5.379930384925572184e+00
-5.376892648928976115e+00
-5.373651805884963828e+00
-5.370239460402770781e+00
-5.366686888249158294e+00
-5.363024486250412615e+00
-5.359281345076785996e+00
-5.355484976719418810e+00
-5.351661198295361466e+00
-5.347834147209276523e+00
-5.344026385181699368e+00
-5.340259042352764496e+00
-5.336551957683542291e+00
-5.332923784158679403e+00
-5.329392044788586524e+00
-5.325973142009778449e+00
-5.322682335989847857e+00
-5.319533714684744119e+00
-5.316540178410972040e+00
-5.313713457050894817e+00
-5.311064168158387666e+00
-5.308601915041750274e+00
-5.306335414139913276e+00
-5.304272635786468904e+00
-5.302420940055587728e+00
-5.300787191589520830e+00
-5.299377842176771658e+00
-5.298198976335616095e+00
-5.297256321962083625e+00
-5.296555233145950226e+00
-5.296100655601877705e+00
-5.295897085653898273e+00
-5.295948531713961849e+00
-5.296258484433872482e+00
-5.296829896808689320e+00
-5.297665172760759766e+00
-5.298766159030077638e+00
-5.300134135013743197e+00
-5.301769794571987937e+00
-5.303673216513506539e+00
-5.305843822107297214e+00
-5.308280321371205979e+00
-5.310980651688022469e+00
-5.313941913963444286e+00
-5.317160311930782868e+00
-5.320631099579483880e+00
-5.324348540133233776e+00
-5.328305878399941520e+00
-5.332495326443996930e+00
-5.336908060960403155e+00
-5.341534230200690736e+00
-5.346362968071485255e+00
-5.351382413723557718e+00
-5.356579735751459737e+00
-5.361941161679657064e+00
-5.367452014114742376e+00
-5.373096755913568501e+00
-5.378859046585299453e+00
-5.384721812058419488e+00
-5.390667328927739810e+00
-5.396677323309670982e+00
-5.402733083060210717e+00
-5.408815581366893888e+00
-5.414905608840067330e+00
-5.420983910898155678e+00
-5.427031327575124742e+00
-5.433028932780275433e+00
-5.438958171241723427e+00
-5.444800991097066500e+00
-5.450539971510953485e+00
-5.456158443774548950e+00
-5.461640605577878560e+00
-5.466971626751711888e+00
-5.472137745435078138e+00
-5.477126353078555887e+00
-5.481926066320299995e+00
-5.486526784585995742e+00
-5.490919731984038599e+00
-5.495097483218123635e+00
-5.499053973417736607e+00
-5.502784493362785412e+00
-5.506285671064095943e+00
-5.509555442401759429e+00
-5.512593012649662505e+00
-5.515398811591983197e+00
-5.517974444032944348e+00
-5.520322637711275959e+00
-5.522447218700111904e+00
-5.524353105169685030e+00
-5.526046237570387376e+00
-5.527533508392809658e+00
-5.528822692100909819e+00
-5.529922376041942478e+00
-5.530841892515948821e+00
-5.531591252895758259e+00
-5.532181083752256257e+00
-5.532622565151257277e+00
-5.532927371183575360e+00
-5.533107611903821166e+00
-5.533175776795106415e+00
-5.533144678465678368e+00
-5.533027396482913751e+00
-5.532837220257281530e+00
-5.532587591043025554e+00
-5.532292042380615449e+00
-5.531964139203220832e+00
-5.531617415836958429e+00
-5.531265312975914838e+00
-5.530921114466675448e+00
-5.530597884236386541e+00
-5.530308403925962679e+00
-5.530065111983819115e+00
-5.529880044568302289e+00
-5.529764778821891547e+00
-5.529730379011391861e+00
-5.529787345859942249e+00
-5.529945569678022643e+00
-5.530214287393031114e+00
-5.530602044184562693e+00
-5.531116659575700645e+00
-5.531765198908192183e+00
-5.532553949727510911e+00
-5.533488403616464879e+00
-5.534573243394912190e+00
-5.535812335492004799e+00
-5.537208727534299157e+00
-5.538764650793440047e+00
-5.540481526980065574e+00
-5.542359979427271988e+00
-5.544399847944907478e+00
-5.546600207021630702e+00
-5.548959386938345340e+00
-5.551474997395589916e+00
-5.554143953238929399e+00
-5.556962501612550120e+00
-5.559926250546720183e+00
-5.563030198114882197e+00
-5.566268762157646321e+00
-5.569635809790380421e+00
-5.573124686678033513e+00
-5.576728245714586585e+00
-5.580438874740227817e+00
-5.584248523444046874e+00
-5.588148729048463714e+00
-5.592130641299516647e+00
-5.596185046406918495e+00
-5.600302390775245165e+00
-5.604472804428970889e+00
-5.608686124846508747e+00
-5.612931921884315223e+00
-5.617199524076459838e+00
-5.621478047414111501e+00
-5.625756427001924465e+00
-5.630023452581442989e+00
-5.634267808452971593e+00
-5.638478118649508986e+00
-5.642642997903661417e+00
-5.646751108781338679e+00
-5.650791225566011100e+00
-5.654535486720795312e+00
-5.657399509016793893e+00
-5.660038060758463274e+00
-5.662437246827300541e+00
-5.664584539164683186e+00
-5.666468902032741006e+00
-5.668080912206134414e+00
-5.669412879490362656e+00
-5.670458968849995784e+00
-5.671215320950897976e+00
-5.671680164293427140e+00
-5.671853909325871079e+00
-5.671739214711168486e+00
-5.671341017315792321e+00
-5.670666520692080326e+00
-5.669725140502670513e+00
-5.668528410028433662e+00
-5.667089851118268129e+00
-5.665424818352984282e+00
-5.663550324909745193e+00
-5.661484856925475206e+00
-5.659248182545408845e+00
-5.656861159193110389e+00
-5.654345541225698213e+00
-5.651723788737812448e+00
-5.649018878137902711e+00
-5.646254115060505008e+00
-5.643452950960920589e+00
-5.640638805807869360e+00
-5.637834899459002180e+00
-5.635064095444917598e+00
-5.632348759662825444e+00
-5.629710637022544262e+00
-5.627170747135032514e+00
-5.624749299391875290e+00
-5.622465626816155471e+00
-5.620338136984120325e+00
-5.618384277568700291e+00
-5.616620514602350234e+00
-5.615062320734561574e+00
-5.613724171938403451e+00
-5.612619551206242896e+00
-5.611760958490784823e+00
-5.611159925991739961e+00
-5.610827038964777635e+00
-5.610771960984112461e+00
-5.611003463987424666e+00
-5.611529461489160653e+00
-5.612357044673929707e+00
-5.613492519636023914e+00
-5.614941444743646315e+00
-5.616708666931673477e+00
-5.618798355332246253e+00
-5.621214031781107678e+00
-5.623958597246715208e+00
-5.627034353665775868e+00
-5.630443021195399744e+00
-5.634185750265645609e+00
-5.638263128703372651e+00
-5.642675183516951520e+00
-5.647421376947482585e+00
-5.652500596573077019e+00
-5.657911138931625672e+00
-5.663650685789930250e+00
-5.669716272793931644e+00
-5.676104249874605046e+00
-5.682810232835460162e+00
-5.689829046178809691e+00
-5.697154656622247515e+00
-5.704780097727934596e+00
-5.712697385785194371e+00
-5.720897427244041822e+00
-5.729369918104602277e+00
-5.738103236215132519e+00
-5.747084327081239508e+00
-5.756298584216355430e+00
-5.765729725473216050e+00
-5.775359667104705608e+00
-5.785168397768854831e+00
-5.795133855067649442e+00
-5.805231808544434102e+00
-5.815435752697561966e+00
-5.825716815584358166e+00
-5.836043688239081817e+00
-5.846382581544863122e+00
-5.856697217596489757e+00
-5.866948863253654167e+00
-5.877096413207744341e+00
-5.887096531282149492e+00
-5.896903856477655914e+00
-5.906471280811826041e+00
-5.915750304259740133e+00
-5.924691469715622105e+00
-5.933244878089110053e+00
-5.941360781503460586e+00
-5.948990246622288147e+00
-5.956085876986853656e+00
-5.962602579592364727e+00
-5.968498353087671404e+00
-5.973735075473133982e+00
-5.978279262759965462e+00
-5.982102770052914131e+00
-5.985183406456034305e+00
-5.987505437046896972e+00
-5.989059949613656286e+00
-5.989845067783730492e+00
-5.989866002549252499e+00
-5.989134937996921870e+00
-5.987670758629547230e+00
-5.985498630140384080e+00
-5.982649455273651107e+00
-5.979159227089024142e+00
-5.975068309354129248e+00
-5.970420671719984362e+00
-5.965263107732774017e+00
-5.959644462214923166e+00
-5.953614889900610052e+00
-5.947225163706944429e+00
-5.940526046250190539e+00
-5.933567734269488803e+00
-5.926399380203912770e+00
-5.919068692791330299e+00
-5.911621614580261586e+00
-5.904102071810982011e+00
-5.896551791526263742e+00
-5.889010177722257211e+00
-5.881514240156052509e+00
-5.874098566580277847e+00
-5.866795332293235354e+00
-5.859634338706873891e+00
-5.852643075069230427e+00
-5.845846797287501673e+00
-5.839268618861887639e+00
-5.832929609508503255e+00
-5.826848897910338110e+00
-5.821043775533857989e+00
-5.815529799516265363e+00
-5.810320892251117364e+00
-5.805429444766215141e+00
-5.800866405666927683e+00
-5.796641355964305298e+00
-5.792762578557061559e+00
-5.789237122104720967e+00
-5.786070858991944732e+00
-5.783268537303882795e+00
-5.780833826594579783e+00
-5.778769358133935441e+00
-5.777076759143461970e+00
-5.775756681746492482e+00
-5.774808826763021763e+00
-5.774231962708550547e+00
-5.774023940051201897e+00
-5.774181701998003291e+00
-5.774701290788776475e+00
-5.775577851376597849e+00
-5.776805631987325107e+00
-5.778377982421822878e+00
-5.780287350473011010e+00
-5.782525277143319542e+00
-5.785082390966004517e+00
-5.787948402422117056e+00
-5.791112098793236740e+00
-5.794561340111595626e+00
-5.798283057437656041e+00
-5.802263253704031065e+00
-5.806487008313808040e+00
-5.810938486219662025e+00
-5.815600952645323396e+00
-5.820440544625077983e+00
-5.825439426948854305e+00
-5.830582109416207359e+00
-5.835845966554196629e+00
-5.841207335855964189e+00
-5.846641572290143252e+00
-5.852123118571075366e+00
-5.857625593146684295e+00
-5.863121896734174499e+00
-5.868584338923492183e+00
-5.873984785382210028e+00
-5.879294826591202394e+00
-5.884485966553036462e+00
-5.889529832452449654e+00
-5.894398401815965194e+00
-5.899064246419994717e+00
-5.903500788612766392e+00
-5.907682566970216875e+00
-5.911585506484131614e+00
-5.915187187834141547e+00
-5.918467110378462515e+00
-5.921406942486100000e+00
-5.923990753498816986e+00
-5.926205220381579153e+00
-5.928039804567402982e+00
-5.929486893005910808e+00
-5.930541899524462757e+00
-5.931203323758333923e+00
-5.931472765569372640e+00
-5.931354894488281460e+00
-5.930857375608965754e+00
-5.929990753576905860e+00
-5.928768299038922329e+00
-5.927205821275205899e+00
-5.925321453330845145e+00
-5.923135414446242919e+00
-5.920669757337262418e+00
-5.917948104962562184e+00
-5.914995384534124767e+00
-5.911837562620527287e+00
-5.908501387596239773e+00
-5.905014143139651672e+00
-5.901403416610325969e+00
-5.897696884575218235e+00
-5.893922118148427813e+00
-5.890106408855073639e+00
-5.886276615901289588e+00
-5.882459034783477314e+00
-5.878679286578773144e+00
-5.874962227585418084e+00
-5.871331877053932224e+00
-5.867811363157824367e+00
-5.864422884057731267e+00
-5.861187683447263375e+00
-5.858126038836000582e+00
-5.855257260337898728e+00
-5.852599699477619488e+00
-5.850170765178303256e+00
-5.847986947027118632e+00
-5.846063843515454828e+00
-5.844416194433244449e+00
-5.843057916914926153e+00
-5.842002143078702581e+00
-5.841261259862978505e+00
-5.840846949155661605e+00
-5.840770228533633812e+00
-5.841041491310075884e+00
-5.841670546093792993e+00
-5.842666654916831348e+00
-5.844038569935315230e+00
-5.845794568310361150e+00
-5.847942484832332255e+00
-5.850489742286218764e+00
-5.853443378933138597e+00
-5.856810073338579059e+00
-5.860596165963124271e+00
-5.864807677268125907e+00
-5.869450322222283134e+00
-5.874529520890397372e+00
-5.880050404425778865e+00
-5.886017816728497998e+00
-5.892436310672374944e+00
-5.899310138864094277e+00
-5.906643238210609326e+00
-5.914439207734006665e+00
-5.922701278714784578e+00
-5.931432276731690045e+00
-5.940634574276541180e+00
-5.950310033248700670e+00
-5.960459935615117999e+00
-5.971084901716098514e+00
-5.982184793851820004e+00
-5.993758604101482312e+00
-6.005804324314483189e+00
-6.018318796298970597e+00
-6.031297540138339741e+00
-6.044734557926497054e+00
-6.058622111619573758e+00
-6.072950470978787152e+00
-6.087707630986485263e+00
-6.102878995284070740e+00
-6.118447024193067740e+00
-6.134390847459035179e+00
-6.150685839211379680e+00
-6.167303158784339878e+00
-6.184209259506665113e+00
-6.201365371519212744e+00
-6.218726968062602722e+00
-6.236243228808022288e+00
-6.253856519905837352e+00
-6.271501914198635674e+00
-6.289106786107335090e+00
-6.306590519574452713e+00
-6.323864377835389128e+00
-6.340831589122698730e+00
-6.357387708682784577e+00
-6.373421317727635760e+00
-6.388815118008301042e+00
-6.403447466904191643e+00
-6.417194380855076652e+00
-6.429932005352234192e+00
-6.441539507378895024e+00
-6.451902306369147411e+00
-6.460915505388066471e+00
-6.468487344309677312e+00
-6.474542458993254535e+00
-6.479024722027399541e+00
-6.481899444317670955e+00
-6.483154761635007368e+00
-6.482802086391901142e+00
-6.480875585753439694e+00
-6.477430733060650425e+00
-6.472542054203465511e+00
-6.466300252201618193e+00
-6.458808929632859908e+00
-6.450181135271603416e+00
-6.440535948089761042e+00
-6.429995272561292552e+00
-6.418680980573982175e+00
-6.406712481491821265e+00
-6.394204758244796949e+00
-6.381266869950117382e+00
-6.368000892836016114e+00
-6.354501250137539969e+00
-6.340854374544379723e+00
-6.327138641437279887e+00
-6.313424511709905040e+00
-6.299774833186107870e+00
-6.286245250308366117e+00
-6.272884684162797875e+00
-6.259735851414311547e+00
-6.246835796434890398e+00
-6.234216418649380032e+00
-6.221904982616321078e+00
-6.209924599877738594e+00
-6.198294679849333022e+00
-6.187031343149000051e+00
-6.176147799904923019e+00
-6.165654690220094380e+00
-6.155560390163076434e+00
-6.145871283548316022e+00
-6.136592003391021954e+00
-6.127725643693175073e+00
-6.119273945633163514e+00
-6.111237459423646712e+00
-6.103615685106576372e+00
-6.096407193843699446e+00
-6.089609732289948063e+00
-6.083220311618749321e+00
-6.077235283222972129e+00
-6.071650402161640869e+00
-6.066460880904737785e+00
-6.061661433081732220e+00
-6.057246309886040514e+00
-6.053209329055609267e+00
-6.049543898411777754e+00
-6.046243033412832979e+00
-6.043299371410810750e+00
-6.040705180942948616e+00
-6.038452369146290799e+00
-6.036532485823741467e+00
-6.034936725903970789e+00
-6.033655930430696479e+00
-6.032680586706819170e+00
-6.032000827477862259e+00
-6.031606430541378572e+00
