-1.386719257217574164e+00
-5.544554213048101809e-01
-0.000000000000000000e+00
2.213427380446860160e-01
2.061220632439991762e-01
5.605254924887033419e-02
-2.028997475988251753e-01
2.134592029408381997e-01
3.280566746052547833e-01
-0.000000000000000000e+00
-0.000000000000000000e+00
-0.000000000000000000e+00
-0.000000000000000000e+00
-1.301290471304457352e-01
0.000000000000000000e+00
0.000000000000000000e+00
-0.000000000000000000e+00
0.000000000000000000e+00
-2.346229162688322767e-01
-0.000000000000000000e+00
0.000000000000000000e+00
-1.899775509281976527e-01
1.793578380745772805e-01
0.000000000000000000e+00
0.000000000000000000e+00
-0.000000000000000000e+00
-0.000000000000000000e+00
0.000000000000000000e+00
0.000000000000000000e+00
-0.000000000000000000e+00
0.000000000000000000e+00
1.571244238997488163e-01
-0.000000000000000000e+00
-0.000000000000000000e+00
-1.193915024260014501e+00
-1.899773233497343561e-01
-0.000000000000000000e+00
3.971314464600447097e-02
1.021310901198462906e+00
1.630514278876714851e+00
-0.000000000000000000e+00
-2.562998022551100097e-01
-0.000000000000000000e+00
0.000000000000000000e+00
-0.000000000000000000e+00
0.000000000000000000e+00
3.794356710337035143e-01
0.000000000000000000e+00
-5.614992607161797267e-01
2.077127839778061813e-01
6.943759090870271766e-01
4.773901052285446922e-01
-2.672415155096974360e-01
-2.099978740212677664e-01
0.000000000000000000e+00
-5.181225135401960058e-01
-0.000000000000000000e+00
-0.000000000000000000e+00
1.867424818437939948e-01
-0.000000000000000000e+00
1.022774471783260752e+00
-5.152369524050223193e-01
0.000000000000000000e+00
0.000000000000000000e+00
-0.000000000000000000e+00
-9.494118881928119424e-02
6.330780541933529737e-02
0.000000000000000000e+00
-0.000000000000000000e+00
-0.000000000000000000e+00
-0.000000000000000000e+00
-6.263612208167885775e-01
0.000000000000000000e+00
-1.568675916272784132e+00
0.000000000000000000e+00
-1.004269426085768302e+00
0.000000000000000000e+00
-8.623247224740440142e-01
-0.000000000000000000e+00
-0.000000000000000000e+00
2.831449266520638108e-01
4.708970883062668644e-01
1.142724580606494927e-01
0.000000000000000000e+00
0.000000000000000000e+00
-0.000000000000000000e+00
0.000000000000000000e+00
0.000000000000000000e+00
-0.000000000000000000e+00
-0.000000000000000000e+00
0.000000000000000000e+00
-0.000000000000000000e+00
-0.000000000000000000e+00
-0.000000000000000000e+00
0.000000000000000000e+00
0.000000000000000000e+00
-0.000000000000000000e+00
0.000000000000000000e+00
0.000000000000000000e+00
-0.000000000000000000e+00
-0.000000000000000000e+00
-0.000000000000000000e+00
-0.000000000000000000e+00
-0.000000000000000000e+00
0.000000000000000000e+00
0.000000000000000000e+00
-0.000000000000000000e+00
-0.000000000000000000e+00
-0.000000000000000000e+00
0.000000000000000000e+00
-0.000000000000000000e+00
-0.000000000000000000e+00
-0.000000000000000000e+00
-0.000000000000000000e+00
-0.000000000000000000e+00
-0.000000000000000000e+00
-0.000000000000000000e+00
0.000000000000000000e+00
-0.000000000000000000e+00
-0.000000000000000000e+00
-0.000000000000000000e+00
0.000000000000000000e+00
-0.000000000000000000e+00
